-0.16804881224859701754e-46
10.854184257744249796
0.51921340560426110074e-45
-62.28339252110988471
-0.16735871500743852985e-44
114.36922782044335657
0.11543707669236311121e-44
-62.80234969730743326
0.78625356248397092829e-38
4.1397617098511193064
-0.71824174164994055658e-37
-5.8499764021167980684
0.51787863444278289581e-37
2.9437625565928026676
-0.93305974396004940898e-38
-0.45453043746015205795
0.37537415358329215971e-38
3.2995673904373325138
-0.10453714002088916108e-36
-7.8422726029135582971
0.41864789598423106147e-36
12.890776411556469438
-0.60951015954085533252e-36
-12.491711258448624139
0.40547544124712444853e-36
6.9416799142807483492
-0.12677008781584870523e-36
-2.0429806739994296629
0.15245219740063652538e-37
0.24640713892603125782
