0.38516974123418350064e-43
18.096628571880738457
-0.45973041691637794167e-41
-434.03870327488615935
0.79629916037569032555e-40
4154.9710354569631624
-0.52897711039631686342e-39
-18684.694361314924706
0.16721955114891783141e-38
44165.71778893298258
-0.26977742479850633046e-38
-56552.792898340197704
0.21412459138356943247e-38
37115.61227257818608
-0.66172245592719822948e-39
-9782.4193389278198711
-0.10450107406385446313e-45
3.7975332336085665816
0.42284220981801636912e-44
-11.77181577711924821
-0.22557111393663989842e-43
24.977108667834693744
0.44246287510686210342e-43
-31.523884160399347606
-0.41355419441164577394e-43
23.729486312672242226
0.20006015878309407409e-43
-10.433180019592321979
-0.48604113271279609616e-44
2.4674397626083860086
0.47125621405204993786e-45
-0.24213010024761749988
