-0.33857228343349222771e-46
24.905214319375455558
0.76706429670786537935e-44
-682.38305758243000329
-0.13331852725885950186e-42
6809.4284539059995199
0.91946456800204317828e-42
-31250.710001710598132
-0.3025478830899497108e-41
74765.938836375718651
0.50242602757177002413e-41
-96504.683847583939449
-0.40593124032144374049e-41
63697.792377824620844
0.12667142782789733501e-41
-16860.262134719013661
-0.9279917569679915957e-45
16.828551192601130179
0.83240811468667181169e-43
-339.81175049565943051
-0.12775656662581185272e-41
2790.6999879384769844
0.77015283672913125341e-41
-11351.415157379078
-0.24115991880599060476e-40
26623.001028374524701
0.44880705621387405238e-40
-39384.032866197584799
-0.53482162297220285674e-40
38788.423034806038289
0.42572250279855945685e-40
-26239.530384498866697
-0.23114662426334729952e-40
12365.620701653234636
0.85857146353371829812e-41
-4053.3646008999918361
-0.21456494030125522953e-41
906.04288095108740556
0.34480336789999280563e-42
-131.68764920828800121
-0.32171705933660227767e-43
11.2176079033623702
0.13242560040344363915e-44
-0.42493802046747120845
0.67287496871653099859e-47
5.3175549768939158259
0.56819927580108680432e-45
-35.437153153157791187
-0.1351878131554547236e-43
184.12244132914048722
0.10553176628958931735e-42
-655.38683014625320828
-0.41426651887176019808e-42
1638.7833542806082222
0.96309736116631665994e-42
-2953.8623704822645685
-0.14455668840936067085e-41
3908.064233624186516
0.14726501386448502925e-41
-3834.9673916513135076
-0.1047282511696152942e-41
2799.6065476651709549
0.5261087287862766673e-42
-1512.862318866923807
-0.1860839022225468362e-42
596.16013934000983037
0.45364411019946816092e-43
-166.32173930295850321
-0.72578228765531381604e-44
31.098836973988486605
0.68580052063448574557e-45
-3.4934937450619072513
-0.28984981120663795748e-46
0.17814215695649592896
