0.13459576929391090569e-32
24.558941542500461187
0.48509566723824261626e-31
-669.66044971689436801
-0.24454123585384020859e-29
6672.9984830133931554
0.18687481194464005187e-28
-30603.665616389872425
-0.5762278175772426705e-28
73188.403298778778129
0.85368067300925938918e-28
-94443.321705008449291
-0.60270147469466762691e-28
62325.409421254674884
0.16234284366194031353e-28
-16494.674411780599848
0.15326158858563023363e-46
9.3562563603543978083
-0.36897212304824964462e-45
-59.163896393362639749
0.17425439970330368218e-44
148.86093062644842385
-0.32067211000221387429e-44
-175.8128748785829444
0.27911573894864588724e-44
109.11129968595543035
-0.12259030930610072562e-44
-36.676883997875556573
0.26218914255796237778e-45
6.3184629031129413078
-0.21666232642127535753e-46
-0.43711341508217764519
0.6435519383199838375e-47
5.078135697588612878
0.81260103885576212533e-45
-30.732991813718681529
-0.16019847467842701065e-43
144.10974681280942417
0.10746315446051181804e-42
-459.66168882614256179
-0.36344872304451237262e-42
1021.520644704596761
0.72520712536978486691e-42
-1620.5625670887702504
-0.92730639785365506188e-42
1864.6764641657026581
0.79584309735406509106e-42
-1567.4930087714349494
-0.46919010314752753297e-42
960.9703090934222369
0.19086334965401618657e-42
-424.32616187164667827
-0.52743967802069637614e-43
131.27850925600366538
0.94704493797478696798e-44
-26.9812576626115819
-0.99818156176375019347e-45
3.3065138731556502914
0.46939046619219983164e-46
-0.18274294462753398785
