0.32867125379815857291e-44
11.552304235722389133
-0.29234255228681799398e-42
-67.779451344096825362
0.933659553243619424e-42
125.28374040456207308
-0.64131951207618758946e-42
-69.014290823293429674
0.64108738894863390065e-45
9.6516763618162694555
-0.12282232950603783088e-42
-61.693917453846963018
0.62062456634083572074e-42
155.17035165229809557
-0.996218491919333066e-42
-182.69758238321474774
0.72774896827061079047e-42
112.91072652540604621
-0.26913492484561434183e-42
-37.775241177026371927
0.49323508874283516076e-43
6.475039097323445253
-0.35687682645890630524e-44
-0.44561336572336147215
0.47771057631279131586e-46
5.2588835557174597154
-0.29457192143837593098e-44
-33.723359379428401924
0.44327940113287919025e-43
164.98308501345742927
-0.27686398551955233933e-42
-541.40889140699277564
0.91518100299426399978e-42
1222.9620799796357356
-0.18207112804794013148e-41
-1952.0191056647939988
0.23485275845578151281e-41
2240.8402137830087186
-0.20516930050320509213e-41
-1866.3491698317060853
0.12415752822080049282e-41
1127.2211784312163129
-0.52285077977730429736e-42
-488.07047463838013451
0.15092324971381413086e-42
147.49784630892093329
-0.28576304536464352374e-43
-29.517104887952670173
0.32076854965476087405e-44
3.5126952093099453428
-0.16226398549339504967e-45
-0.1881018365578797706
