-0.75773973997740627597e-30
11.259066740295440722
0.35029873643910904994e-28
-65.469293332997393075
-0.11093952997692154569e-27
120.69463427775764571
0.75910235759400087266e-28
-66.40196953778250699
0.6707459348521799376e-48
4.704776242108835538
-0.35608959461554233042e-47
-6.7988485159668168237
0.14359564606992449774e-47
3.3152510438287307671
-0.14985342138579284032e-48
-0.48936293685989724605
-0.37246666638164325883e-45
5.3633425765495343159
0.43873256885377774404e-43
-35.51695554419623341
-0.72755862709513560355e-42
177.80730411564418744
0.46756335314744358534e-41
-592.29739541502495217
-0.1559191149483180791e-40
1348.9169188936272623
0.3101987517898984534e-40
-2158.7644508493821289
-0.39795227464460684802e-40
2473.6568558691888017
0.34425836717395760687e-40
-2049.1354253624894092
-0.20544736179116039936e-40
1227.3931709055906409
0.84969444743862631574e-41
-525.82617513400260298
-0.23985636500344662033e-41
156.93055871284079877
0.44222346859769547418e-42
-30.965859564591263308
-0.48133142981936186693e-43
3.6289400081496844467
0.23518137057881136703e-44
-0.1911602837499393819
