-0.53048975658957883424e-47
8.8313307202241685663
0.21584189100655274133e-45
-46.457503989551297435
-0.65893788882613692879e-45
83.028223472040820362
0.44320580215223931131e-45
-44.992847782807097824
-0.33945728644711295237e-31
3.9488188508326321993
0.87774430828590316545e-30
-12.910301099228299329
-0.37335685270661501373e-29
28.086536217465829971
0.55927380858844763427e-29
-35.596914896513755454
-0.33696337530707381012e-29
26.515937088133732328
0.5368136791487787625e-30
-11.418488936844970829
0.19108101768442763358e-30
2.6255844388133481275
-0.55068698294223090738e-31
-0.24917229999864296671
